best_val_loss=7.210076
sharpness_delta_mean=1.846735
sharpness_delta_std=0.461874
